    77, 90, 144, 0, 3, 0, 0, 0, 4, 0, 0, 0, 255, 255, 0, 0, 184, 0, 0, 0, 0, 0, 0, 0, 64, 0, 0, 0, 0, 0, 0, 0, 0, 0, 0, 0, 0, 0, 0, 0, 0, 0, 0, 0, 0, 0, 0, 0, 0, 0, 0, 0, 0, 0, 0, 0, 0, 0, 0, 0, 248, 0, 0, 0, 14, 31, 186, 14, 0, 180, 9, 205, 33, 184, 1, 76, 205, 33, 84, 104, 105, 115, 32, 112, 114, 111, 103, 114, 97, 109, 32, 99, 97, 110, 110, 111, 116, 32, 98, 101,
    32, 114, 117, 110, 32, 105, 110, 32, 68, 79, 83, 32, 109, 111, 100, 101, 46, 13, 13, 10, 36, 0, 0, 0, 0, 0, 0, 0, 160, 237, 237, 132, 228, 140, 131, 215, 228, 140, 131, 215, 228, 140, 131, 215, 237, 244, 16, 215, 230, 140, 131, 215, 64, 242, 130, 214, 230, 140, 131, 215, 64, 242, 134, 214, 238, 140, 131, 215, 64, 242, 135, 214, 236, 140, 131, 215, 64, 242, 128, 214, 231, 140, 131, 215, 55, 254, 130, 214, 225, 140, 131, 215, 228, 140, 130, 215, 199, 140, 131, 215,
    243, 243, 139, 214, 229, 140, 131, 215, 243, 243, 124, 215, 229, 140, 131, 215, 243, 243, 129, 214, 229, 140, 131, 215, 82, 105, 99, 104, 228, 140, 131, 215, 0, 0, 0, 0, 0, 0, 0, 0, 0, 0, 0, 0, 0, 0, 0, 0, 80, 69, 0, 0, 100, 134, 6, 0, 221, 127, 13, 101, 0, 0, 0, 0, 0, 0, 0, 0, 240, 0, 34, 32, 11, 2, 14, 36, 0, 16, 0, 0, 0, 28, 0, 0, 0, 0, 0, 0, 128, 19, 0, 0, 0, 16, 0, 0, 0, 0, 0, 128,
    1, 0, 0, 0, 0, 16, 0, 0, 0, 2, 0, 0, 6, 0, 0, 0, 0, 0, 0, 0, 6, 0, 0, 0, 0, 0, 0, 0, 0, 112, 0, 0, 0, 4, 0, 0, 0, 0, 0, 0, 2, 0, 96, 1, 0, 0, 16, 0, 0, 0, 0, 0, 0, 16, 0, 0, 0, 0, 0, 0, 0, 0, 16, 0, 0, 0, 0, 0, 0, 16, 0, 0, 0, 0, 0, 0, 0, 0, 0, 0, 16, 0, 0, 0, 0, 0, 0, 0, 0, 0, 0, 0, 60, 40, 0, 0, 100, 0, 0, 0,
    0, 80, 0, 0, 248, 0, 0, 0, 0, 64, 0, 0, 176, 1, 0, 0, 0, 0, 0, 0, 0, 0, 0, 0, 0, 96, 0, 0, 44, 0, 0, 0, 240, 34, 0, 0, 112, 0, 0, 0, 0, 0, 0, 0, 0, 0, 0, 0, 0, 0, 0, 0, 0, 0, 0, 0, 0, 0, 0, 0, 0, 0, 0, 0, 176, 33, 0, 0, 64, 1, 0, 0, 0, 0, 0, 0, 0, 0, 0, 0, 0, 32, 0, 0, 248, 0, 0, 0, 0, 0, 0, 0, 0, 0, 0, 0, 0, 0, 0, 0,
    0, 0, 0, 0, 0, 0, 0, 0, 0, 0, 0, 0, 46, 116, 101, 120, 116, 0, 0, 0, 40, 14, 0, 0, 0, 16, 0, 0, 0, 16, 0, 0, 0, 4, 0, 0, 0, 0, 0, 0, 0, 0, 0, 0, 0, 0, 0, 0, 32, 0, 0, 96, 46, 114, 100, 97, 116, 97, 0, 0, 48, 12, 0, 0, 0, 32, 0, 0, 0, 14, 0, 0, 0, 20, 0, 0, 0, 0, 0, 0, 0, 0, 0, 0, 0, 0, 0, 0, 64, 0, 0, 64, 46, 100, 97, 116, 97, 0, 0, 0,
    56, 6, 0, 0, 0, 48, 0, 0, 0, 2, 0, 0, 0, 34, 0, 0, 0, 0, 0, 0, 0, 0, 0, 0, 0, 0, 0, 0, 64, 0, 0, 192, 46, 112, 100, 97, 116, 97, 0, 0, 176, 1, 0, 0, 0, 64, 0, 0, 0, 2, 0, 0, 0, 36, 0, 0, 0, 0, 0, 0, 0, 0, 0, 0, 0, 0, 0, 0, 64, 0, 0, 64, 46, 114, 115, 114, 99, 0, 0, 0, 248, 0, 0, 0, 0, 80, 0, 0, 0, 2, 0, 0, 0, 38, 0, 0, 0, 0, 0, 0,
    0, 0, 0, 0, 0, 0, 0, 0, 64, 0, 0, 64, 46, 114, 101, 108, 111, 99, 0, 0, 44, 0, 0, 0, 0, 96, 0, 0, 0, 2, 0, 0, 0, 40, 0, 0, 0, 0, 0, 0, 0, 0, 0, 0, 0, 0, 0, 0, 64, 0, 0, 66, 0, 0, 0, 0, 0, 0, 0, 0, 0, 0, 0, 0, 0, 0, 0, 0, 0, 0, 0, 0, 0, 0, 0, 0, 0, 0, 0, 0, 0, 0, 0, 0, 0, 0, 0, 0, 0, 0, 0, 0, 0, 0, 0, 0, 0, 0, 0, 0,
    0, 0, 0, 0, 0, 0, 0, 0, 0, 0, 0, 0, 0, 0, 0, 0, 0, 0, 0, 0, 0, 0, 0, 0, 0, 0, 0, 0, 0, 0, 0, 0, 0, 0, 0, 0, 0, 0, 0, 0, 0, 0, 0, 0, 0, 0, 0, 0, 0, 0, 0, 0, 0, 0, 0, 0, 0, 0, 0, 0, 0, 0, 0, 0, 0, 0, 0, 0, 0, 0, 0, 0, 0, 0, 0, 0, 0, 0, 0, 0, 0, 0, 0, 0, 0, 0, 0, 0, 0, 0, 0, 0, 0, 0, 0, 0, 0, 0, 0, 0,
    0, 0, 0, 0, 0, 0, 0, 0, 0, 0, 0, 0, 0, 0, 0, 0, 0, 0, 0, 0, 0, 0, 0, 0, 0, 0, 0, 0, 0, 0, 0, 0, 0, 0, 0, 0, 0, 0, 0, 0, 0, 0, 0, 0, 0, 0, 0, 0, 0, 0, 0, 0, 0, 0, 0, 0, 0, 0, 0, 0, 0, 0, 0, 0, 0, 0, 0, 0, 0, 0, 0, 0, 0, 0, 0, 0, 0, 0, 0, 0, 0, 0, 0, 0, 0, 0, 0, 0, 0, 0, 0, 0, 0, 0, 0, 0, 0, 0, 0, 0,
    0, 0, 0, 0, 0, 0, 0, 0, 0, 0, 0, 0, 0, 0, 0, 0, 0, 0, 0, 0, 0, 0, 0, 0, 72, 131, 236, 40, 131, 250, 1, 117, 26, 68, 141, 74, 63, 51, 201, 72, 141, 21, 146, 17, 0, 0, 76, 141, 5, 131, 17, 0, 0, 255, 21, 85, 16, 0, 0, 184, 1, 0, 0, 0, 72, 131, 196, 40, 195, 204, 204, 204, 204, 204, 204, 204, 204, 204, 102, 102, 15, 31, 132, 0, 0, 0, 0, 0, 72, 59, 13, 193, 31, 0, 0, 117, 16, 72, 193, 193,
    16, 102, 247, 193, 255, 255, 117, 1, 195, 72, 193, 201, 16, 233, 150, 3, 0, 0, 204, 204, 72, 131, 236, 40, 133, 210, 116, 57, 131, 234, 1, 116, 40, 131, 234, 1, 116, 22, 131, 250, 1, 116, 10, 184, 1, 0, 0, 0, 72, 131, 196, 40, 195, 232, 90, 6, 0, 0, 235, 5, 232, 43, 6, 0, 0, 15, 182, 192, 72, 131, 196, 40, 195, 73, 139, 208, 72, 131, 196, 40, 233, 15, 0, 0, 0, 77, 133, 192, 15, 149, 193, 72, 131, 196, 40, 233, 24, 1, 0, 0,
    72, 137, 92, 36, 8, 72, 137, 116, 36, 16, 72, 137, 124, 36, 32, 65, 86, 72, 131, 236, 32, 72, 139, 242, 76, 139, 241, 51, 201, 232, 202, 6, 0, 0, 132, 192, 15, 132, 200, 0, 0, 0, 232, 81, 5, 0, 0, 138, 216, 136, 68, 36, 64, 64, 183, 1, 131, 61, 241, 36, 0, 0, 0, 15, 133, 197, 0, 0, 0, 199, 5, 225, 36, 0, 0, 1, 0, 0, 0, 232, 156, 5, 0, 0, 132, 192, 116, 79, 232, 171, 9, 0, 0, 232, 214, 4, 0, 0, 232, 253,
    4, 0, 0, 72, 141, 21, 42, 16, 0, 0, 72, 141, 13, 27, 16, 0, 0, 232, 238, 11, 0, 0, 133, 192, 117, 41, 232, 57, 5, 0, 0, 132, 192, 116, 32, 72, 141, 21, 250, 15, 0, 0, 72, 141, 13, 235, 15, 0, 0, 232, 200, 11, 0, 0, 199, 5, 140, 36, 0, 0, 2, 0, 0, 0, 64, 50, 255, 138, 203, 232, 174, 7, 0, 0, 64, 132, 255, 117, 63, 232, 244, 7, 0, 0, 72, 139, 216, 72, 131, 56, 0, 116, 36, 72, 139, 200, 232, 251, 6, 0,
    0, 132, 192, 116, 24, 76, 139, 198, 186, 2, 0, 0, 0, 73, 139, 206, 72, 139, 3, 76, 139, 13, 118, 15, 0, 0, 65, 255, 209, 255, 5, 165, 30, 0, 0, 184, 1, 0, 0, 0, 235, 2, 51, 192, 72, 139, 92, 36, 48, 72, 139, 116, 36, 56, 72, 139, 124, 36, 72, 72, 131, 196, 32, 65, 94, 195, 185, 7, 0, 0, 0, 232, 168, 7, 0, 0, 144, 204, 204, 204, 72, 137, 92, 36, 8, 87, 72, 131, 236, 48, 64, 138, 249, 139, 5, 101, 30, 0, 0, 133,
    192, 127, 13, 51, 192, 72, 139, 92, 36, 64, 72, 131, 196, 48, 95, 195, 255, 200, 137, 5, 76, 30, 0, 0, 232, 55, 4, 0, 0, 138, 216, 136, 68, 36, 32, 131, 61, 218, 35, 0, 0, 2, 117, 55, 232, 75, 5, 0, 0, 232, 230, 3, 0, 0, 232, 221, 8, 0, 0, 131, 37, 194, 35, 0, 0, 0, 138, 203, 232, 231, 6, 0, 0, 51, 210, 64, 138, 207, 232, 1, 7, 0, 0, 246, 216, 27, 219, 131, 227, 1, 232, 77, 5, 0, 0, 139, 195, 235, 162, 185,
    7, 0, 0, 0, 232, 35, 7, 0, 0, 144, 144, 204, 72, 139, 196, 72, 137, 88, 32, 76, 137, 64, 24, 137, 80, 16, 72, 137, 72, 8, 86, 87, 65, 86, 72, 131, 236, 64, 73, 139, 240, 139, 250, 76, 139, 241, 133, 210, 117, 15, 57, 21, 200, 29, 0, 0, 127, 7, 51, 192, 233, 238, 0, 0, 0, 141, 66, 255, 131, 248, 1, 119, 69, 72, 139, 5, 224, 14, 0, 0, 72, 133, 192, 117, 10, 199, 68, 36, 48, 1, 0, 0, 0, 235, 20, 255, 21, 99, 14, 0,
    0, 139, 216, 137, 68, 36, 48, 133, 192, 15, 132, 178, 0, 0, 0, 76, 139, 198, 139, 215, 73, 139, 206, 232, 160, 253, 255, 255, 139, 216, 137, 68, 36, 48, 133, 192, 15, 132, 151, 0, 0, 0, 76, 139, 198, 139, 215, 73, 139, 206, 232, 37, 253, 255, 255, 139, 216, 137, 68, 36, 48, 131, 255, 1, 117, 54, 133, 192, 117, 50, 76, 139, 198, 51, 210, 73, 139, 206, 232, 9, 253, 255, 255, 72, 133, 246, 15, 149, 193, 232, 198, 254, 255, 255, 72, 139, 5, 103, 14, 0,
    0, 72, 133, 192, 116, 14, 76, 139, 198, 51, 210, 73, 139, 206, 255, 21, 236, 13, 0, 0, 133, 255, 116, 5, 131, 255, 3, 117, 64, 76, 139, 198, 139, 215, 73, 139, 206, 232, 46, 253, 255, 255, 139, 216, 137, 68, 36, 48, 133, 192, 116, 41, 72, 139, 5, 45, 14, 0, 0, 72, 133, 192, 117, 9, 141, 88, 1, 137, 92, 36, 48, 235, 20, 76, 139, 198, 139, 215, 73, 139, 206, 255, 21, 169, 13, 0, 0, 139, 216, 137, 68, 36, 48, 235, 6, 51, 219, 137, 92, 36,
    48, 139, 195, 72, 139, 92, 36, 120, 72, 131, 196, 64, 65, 94, 95, 94, 195, 204, 204, 204, 72, 137, 92, 36, 8, 72, 137, 116, 36, 16, 87, 72, 131, 236, 32, 73, 139, 248, 139, 218, 72, 139, 241, 131, 250, 1, 117, 5, 232, 155, 1, 0, 0, 76, 139, 199, 139, 211, 72, 139, 206, 72, 139, 92, 36, 48, 72, 139, 116, 36, 56, 72, 131, 196, 32, 95, 233, 143, 254, 255, 255, 204, 204, 204, 64, 83, 72, 131, 236, 32, 72, 139, 217, 51, 201, 255, 21, 79, 12, 0,
    0, 72, 139, 203, 255, 21, 118, 12, 0, 0, 255, 21, 72, 12, 0, 0, 72, 139, 200, 186, 9, 4, 0, 192, 72, 131, 196, 32, 91, 72, 255, 37, 60, 12, 0, 0, 72, 137, 76, 36, 8, 72, 131, 236, 56, 185, 23, 0, 0, 0, 255, 21, 48, 12, 0, 0, 133, 192, 116, 7, 185, 2, 0, 0, 0, 205, 41, 72, 141, 13, 214, 28, 0, 0, 232, 169, 0, 0, 0, 72, 139, 68, 36, 56, 72, 137, 5, 189, 29, 0, 0, 72, 141, 68, 36, 56, 72, 131, 192, 8,
    72, 137, 5, 77, 29, 0, 0, 72, 139, 5, 166, 29, 0, 0, 72, 137, 5, 23, 28, 0, 0, 72, 139, 68, 36, 64, 72, 137, 5, 27, 29, 0, 0, 199, 5, 241, 27, 0, 0, 9, 4, 0, 192, 199, 5, 235, 27, 0, 0, 1, 0, 0, 0, 199, 5, 245, 27, 0, 0, 1, 0, 0, 0, 184, 8, 0, 0, 0, 72, 107, 192, 0, 72, 141, 13, 237, 27, 0, 0, 72, 199, 4, 1, 2, 0, 0, 0, 184, 8, 0, 0, 0, 72, 107, 192, 0, 72, 139, 13, 109,
    27, 0, 0, 72, 137, 76, 4, 32, 184, 8, 0, 0, 0, 72, 107, 192, 1, 72, 139, 13, 80, 27, 0, 0, 72, 137, 76, 4, 32, 72, 141, 13, 188, 12, 0, 0, 232, 255, 254, 255, 255, 72, 131, 196, 56, 195, 204, 204, 64, 83, 86, 87, 72, 131, 236, 64, 72, 139, 217, 255, 21, 63, 11, 0, 0, 72, 139, 179, 248, 0, 0, 0, 51, 255, 69, 51, 192, 72, 141, 84, 36, 96, 72, 139, 206, 255, 21, 29, 11, 0, 0, 72, 133, 192, 116, 57, 72, 131, 100, 36,
    56, 0, 72, 141, 76, 36, 104, 72, 139, 84, 36, 96, 76, 139, 200, 72, 137, 76, 36, 48, 76, 139, 198, 72, 141, 76, 36, 112, 72, 137, 76, 36, 40, 51, 201, 72, 137, 92, 36, 32, 255, 21, 222, 10, 0, 0, 255, 199, 131, 255, 2, 124, 177, 72, 131, 196, 64, 95, 94, 91, 195, 204, 204, 204, 72, 137, 92, 36, 24, 85, 72, 139, 236, 72, 131, 236, 48, 72, 139, 5, 184, 26, 0, 0, 72, 187, 50, 162, 223, 45, 153, 43, 0, 0, 72, 59, 195, 117, 116, 72,
    131, 101, 16, 0, 72, 141, 77, 16, 255, 21, 146, 10, 0, 0, 72, 139, 69, 16, 72, 137, 69, 240, 255, 21, 220, 10, 0, 0, 139, 192, 72, 49, 69, 240, 255, 21, 216, 10, 0, 0, 139, 192, 72, 141, 77, 24, 72, 49, 69, 240, 255, 21, 208, 10, 0, 0, 139, 69, 24, 72, 141, 77, 240, 72, 193, 224, 32, 72, 51, 69, 24, 72, 51, 69, 240, 72, 51, 193, 72, 185, 255, 255, 255, 255, 255, 255, 0, 0, 72, 35, 193, 72, 185, 51, 162, 223, 45, 153, 43, 0,
    0, 72, 59, 195, 72, 15, 68, 193, 72, 137, 5, 53, 26, 0, 0, 72, 139, 92, 36, 80, 72, 247, 208, 72, 137, 5, 30, 26, 0, 0, 72, 131, 196, 48, 93, 195, 72, 141, 13, 209, 31, 0, 0, 72, 255, 37, 82, 10, 0, 0, 204, 204, 72, 141, 13, 193, 31, 0, 0, 233, 2, 7, 0, 0, 72, 141, 5, 197, 31, 0, 0, 195, 72, 141, 5, 197, 31, 0, 0, 195, 72, 131, 236, 40, 232, 231, 255, 255, 255, 72, 131, 8, 36, 232, 230, 255, 255, 255, 72, 131,
    8, 2, 72, 131, 196, 40, 195, 204, 72, 131, 236, 40, 232, 175, 6, 0, 0, 133, 192, 116, 33, 101, 72, 139, 4, 37, 48, 0, 0, 0, 72, 139, 72, 8, 235, 5, 72, 59, 200, 116, 20, 51, 192, 240, 72, 15, 177, 13, 140, 31, 0, 0, 117, 238, 50, 192, 72, 131, 196, 40, 195, 176, 1, 235, 247, 204, 204, 204, 72, 131, 236, 40, 232, 115, 6, 0, 0, 133, 192, 116, 7, 232, 182, 4, 0, 0, 235, 25, 232, 91, 6, 0, 0, 139, 200, 232, 152, 6, 0, 0,
    133, 192, 116, 4, 50, 192, 235, 7, 232, 145, 6, 0, 0, 176, 1, 72, 131, 196, 40, 195, 72, 131, 236, 40, 51, 201, 232, 61, 1, 0, 0, 132, 192, 15, 149, 192, 72, 131, 196, 40, 195, 204, 204, 204, 72, 131, 236, 40, 232, 131, 6, 0, 0, 132, 192, 117, 4, 50, 192, 235, 18, 232, 118, 6, 0, 0, 132, 192, 117, 7, 232, 109, 6, 0, 0, 235, 236, 176, 1, 72, 131, 196, 40, 195, 72, 131, 236, 40, 232, 91, 6, 0, 0, 232, 86, 6, 0, 0, 176, 1,
    72, 131, 196, 40, 195, 204, 204, 204, 72, 137, 92, 36, 8, 72, 137, 108, 36, 16, 72, 137, 116, 36, 24, 87, 72, 131, 236, 32, 73, 139, 249, 73, 139, 240, 139, 218, 72, 139, 233, 232, 204, 5, 0, 0, 133, 192, 117, 22, 131, 251, 1, 117, 17, 76, 139, 198, 51, 210, 72, 139, 205, 72, 139, 199, 255, 21, 210, 9, 0, 0, 72, 139, 84, 36, 88, 139, 76, 36, 80, 72, 139, 92, 36, 48, 72, 139, 108, 36, 56, 72, 139, 116, 36, 64, 72, 131, 196, 32, 95, 233,
    198, 5, 0, 0, 72, 131, 236, 40, 232, 135, 5, 0, 0, 133, 192, 116, 16, 72, 141, 13, 140, 30, 0, 0, 72, 131, 196, 40, 233, 193, 5, 0, 0, 232, 206, 5, 0, 0, 133, 192, 117, 5, 232, 185, 5, 0, 0, 72, 131, 196, 40, 195, 72, 131, 236, 40, 51, 201, 232, 177, 5, 0, 0, 72, 131, 196, 40, 233, 168, 5, 0, 0, 64, 83, 72, 131, 236, 32, 15, 182, 5, 71, 30, 0, 0, 133, 201, 187, 1, 0, 0, 0, 15, 68, 195, 136, 5, 55, 30, 0,
    0, 232, 118, 3, 0, 0, 232, 129, 5, 0, 0, 132, 192, 117, 4, 50, 192, 235, 20, 232, 116, 5, 0, 0, 132, 192, 117, 9, 51, 201, 232, 105, 5, 0, 0, 235, 234, 138, 195, 72, 131, 196, 32, 91, 195, 204, 204, 204, 64, 83, 72, 131, 236, 32, 128, 61, 252, 29, 0, 0, 0, 139, 217, 117, 103, 131, 249, 1, 119, 106, 232, 229, 4, 0, 0, 133, 192, 116, 40, 133, 219, 117, 36, 72, 141, 13, 230, 29, 0, 0, 232, 25, 5, 0, 0, 133, 192, 117, 16, 72,
    141, 13, 238, 29, 0, 0, 232, 9, 5, 0, 0, 133, 192, 116, 46, 50, 192, 235, 51, 102, 15, 111, 5, 89, 9, 0, 0, 72, 131, 200, 255, 243, 15, 127, 5, 181, 29, 0, 0, 72, 137, 5, 190, 29, 0, 0, 243, 15, 127, 5, 190, 29, 0, 0, 72, 137, 5, 199, 29, 0, 0, 198, 5, 145, 29, 0, 0, 1, 176, 1, 72, 131, 196, 32, 91, 195, 185, 5, 0, 0, 0, 232, 250, 0, 0, 0, 204, 204, 72, 131, 236, 24, 76, 139, 193, 184, 77, 90, 0, 0,
    102, 57, 5, 121, 231, 255, 255, 117, 120, 72, 99, 13, 172, 231, 255, 255, 72, 141, 21, 105, 231, 255, 255, 72, 3, 202, 129, 57, 80, 69, 0, 0, 117, 95, 184, 11, 2, 0, 0, 102, 57, 65, 24, 117, 84, 76, 43, 194, 15, 183, 81, 20, 72, 131, 194, 24, 72, 3, 209, 15, 183, 65, 6, 72, 141, 12, 128, 76, 141, 12, 202, 72, 137, 20, 36, 73, 59, 209, 116, 24, 139, 74, 12, 76, 59, 193, 114, 10, 139, 66, 8, 3, 193, 76, 59, 192, 114, 8, 72, 131,
    194, 40, 235, 223, 51, 210, 72, 133, 210, 117, 4, 50, 192, 235, 20, 131, 122, 36, 0, 125, 4, 50, 192, 235, 10, 176, 1, 235, 6, 50, 192, 235, 2, 50, 192, 72, 131, 196, 24, 195, 64, 83, 72, 131, 236, 32, 138, 217, 232, 207, 3, 0, 0, 51, 210, 133, 192, 116, 11, 132, 219, 117, 7, 72, 135, 21, 190, 28, 0, 0, 72, 131, 196, 32, 91, 195, 64, 83, 72, 131, 236, 32, 128, 61, 179, 28, 0, 0, 0, 138, 217, 116, 4, 132, 210, 117, 12, 232, 250, 3,
    0, 0, 138, 203, 232, 243, 3, 0, 0, 176, 1, 72, 131, 196, 32, 91, 195, 204, 204, 204, 72, 141, 5, 205, 28, 0, 0, 195, 131, 37, 189, 28, 0, 0, 0, 195, 72, 137, 92, 36, 8, 85, 72, 141, 172, 36, 64, 251, 255, 255, 72, 129, 236, 192, 5, 0, 0, 139, 217, 185, 23, 0, 0, 0, 255, 21, 170, 6, 0, 0, 133, 192, 116, 4, 139, 203, 205, 41, 185, 3, 0, 0, 0, 232, 196, 255, 255, 255, 51, 210, 72, 141, 77, 240, 65, 184, 208, 4, 0, 0,
    232, 91, 3, 0, 0, 72, 141, 77, 240, 255, 21, 93, 6, 0, 0, 72, 139, 157, 232, 0, 0, 0, 72, 141, 149, 216, 4, 0, 0, 72, 139, 203, 69, 51, 192, 255, 21, 59, 6, 0, 0, 72, 133, 192, 116, 60, 72, 131, 100, 36, 56, 0, 72, 141, 141, 224, 4, 0, 0, 72, 139, 149, 216, 4, 0, 0, 76, 139, 200, 72, 137, 76, 36, 48, 76, 139, 195, 72, 141, 141, 232, 4, 0, 0, 72, 137, 76, 36, 40, 72, 141, 77, 240, 72, 137, 76, 36, 32, 51, 201,
    255, 21, 242, 5, 0, 0, 72, 139, 133, 200, 4, 0, 0, 72, 141, 76, 36, 80, 72, 137, 133, 232, 0, 0, 0, 51, 210, 72, 141, 133, 200, 4, 0, 0, 65, 184, 152, 0, 0, 0, 72, 131, 192, 8, 72, 137, 133, 136, 0, 0, 0, 232, 196, 2, 0, 0, 72, 139, 133, 200, 4, 0, 0, 72, 137, 68, 36, 96, 199, 68, 36, 80, 21, 0, 0, 64, 199, 68, 36, 84, 1, 0, 0, 0, 255, 21, 214, 5, 0, 0, 131, 248, 1, 72, 141, 68, 36, 80, 72, 137,
    68, 36, 64, 72, 141, 69, 240, 15, 148, 195, 72, 137, 68, 36, 72, 51, 201, 255, 21, 149, 5, 0, 0, 72, 141, 76, 36, 64, 255, 21, 186, 5, 0, 0, 133, 192, 117, 12, 132, 219, 117, 8, 141, 72, 3, 232, 190, 254, 255, 255, 72, 139, 156, 36, 208, 5, 0, 0, 72, 129, 196, 192, 5, 0, 0, 93, 195, 204, 72, 137, 92, 36, 8, 87, 72, 131, 236, 32, 72, 141, 29, 215, 11, 0, 0, 72, 141, 61, 208, 11, 0, 0, 235, 18, 72, 139, 3, 72, 133, 192,
    116, 6, 255, 21, 40, 6, 0, 0, 72, 131, 195, 8, 72, 59, 223, 114, 233, 72, 139, 92, 36, 48, 72, 131, 196, 32, 95, 195, 72, 137, 92, 36, 8, 87, 72, 131, 236, 32, 72, 141, 29, 171, 11, 0, 0, 72, 141, 61, 164, 11, 0, 0, 235, 18, 72, 139, 3, 72, 133, 192, 116, 6, 255, 21, 236, 5, 0, 0, 72, 131, 195, 8, 72, 59, 223, 114, 233, 72, 139, 92, 36, 48, 72, 131, 196, 32, 95, 195, 194, 0, 0, 204, 72, 137, 92, 36, 16, 72, 137, 116,
    36, 24, 87, 72, 131, 236, 16, 51, 192, 51, 201, 15, 162, 68, 139, 193, 69, 51, 219, 68, 139, 210, 65, 129, 240, 110, 116, 101, 108, 65, 129, 242, 105, 110, 101, 73, 68, 139, 203, 139, 240, 51, 201, 65, 141, 67, 1, 69, 11, 208, 15, 162, 65, 129, 241, 71, 101, 110, 117, 137, 4, 36, 69, 11, 209, 137, 92, 36, 4, 139, 249, 137, 76, 36, 8, 137, 84, 36, 12, 117, 91, 72, 131, 13, 147, 20, 0, 0, 255, 37, 240, 63, 255, 15, 72, 199, 5, 123, 20, 0,
    0, 0, 128, 0, 0, 61, 192, 6, 1, 0, 116, 40, 61, 96, 6, 2, 0, 116, 33, 61, 112, 6, 2, 0, 116, 26, 5, 176, 249, 252, 255, 131, 248, 32, 119, 36, 72, 185, 1, 0, 1, 0, 1, 0, 0, 0, 72, 15, 163, 193, 115, 20, 68, 139, 5, 81, 26, 0, 0, 65, 131, 200, 1, 68, 137, 5, 70, 26, 0, 0, 235, 7, 68, 139, 5, 61, 26, 0, 0, 184, 7, 0, 0, 0, 68, 141, 72, 251, 59, 240, 124, 38, 51, 201, 15, 162, 137, 4, 36, 68,
    139, 219, 137, 92, 36, 4, 137, 76, 36, 8, 137, 84, 36, 12, 15, 186, 227, 9, 115, 10, 69, 11, 193, 68, 137, 5, 10, 26, 0, 0, 199, 5, 236, 19, 0, 0, 1, 0, 0, 0, 68, 137, 13, 233, 19, 0, 0, 15, 186, 231, 20, 15, 131, 145, 0, 0, 0, 68, 137, 13, 212, 19, 0, 0, 187, 6, 0, 0, 0, 137, 29, 205, 19, 0, 0, 15, 186, 231, 27, 115, 121, 15, 186, 231, 28, 115, 115, 51, 201, 15, 1, 208, 72, 193, 226, 32, 72, 11, 208, 72,
    137, 84, 36, 32, 72, 139, 68, 36, 32, 34, 195, 58, 195, 117, 87, 139, 5, 159, 19, 0, 0, 131, 200, 8, 199, 5, 142, 19, 0, 0, 3, 0, 0, 0, 137, 5, 140, 19, 0, 0, 65, 246, 195, 32, 116, 56, 131, 200, 32, 199, 5, 117, 19, 0, 0, 5, 0, 0, 0, 137, 5, 115, 19, 0, 0, 184, 0, 0, 3, 208, 68, 35, 216, 68, 59, 216, 117, 24, 72, 139, 68, 36, 32, 36, 224, 60, 224, 117, 13, 131, 13, 84, 19, 0, 0, 64, 137, 29, 74, 19,
    0, 0, 72, 139, 92, 36, 40, 51, 192, 72, 139, 116, 36, 48, 72, 131, 196, 16, 95, 195, 184, 1, 0, 0, 0, 195, 204, 204, 51, 192, 57, 5, 64, 19, 0, 0, 15, 149, 192, 195, 204, 204, 204, 204, 204, 204, 204, 204, 204, 204, 204, 204, 255, 37, 146, 3, 0, 0, 255, 37, 132, 3, 0, 0, 255, 37, 118, 3, 0, 0, 255, 37, 200, 3, 0, 0, 255, 37, 186, 3, 0, 0, 255, 37, 172, 3, 0, 0, 255, 37, 158, 3, 0, 0, 255, 37, 184, 3, 0, 0,
    255, 37, 138, 3, 0, 0, 255, 37, 124, 3, 0, 0, 255, 37, 110, 3, 0, 0, 204, 204, 176, 1, 195, 204, 51, 192, 195, 255, 37, 79, 3, 0, 0, 204, 204, 204, 204, 204, 204, 204, 204, 204, 204, 204, 204, 204, 204, 204, 204, 204, 204, 204, 204, 204, 102, 102, 15, 31, 132, 0, 0, 0, 0, 0, 255, 224, 204, 204, 204, 204, 204, 204, 204, 204, 204, 204, 204, 204, 204, 204, 204, 204, 204, 204, 204, 204, 102, 102, 15, 31, 132, 0, 0, 0, 0, 0, 255, 37, 114, 3,
    0, 0, 64, 85, 72, 131, 236, 32, 72, 139, 234, 138, 77, 64, 72, 131, 196, 32, 93, 233, 96, 251, 255, 255, 204, 64, 85, 72, 131, 236, 32, 72, 139, 234, 138, 77, 32, 232, 78, 251, 255, 255, 144, 72, 131, 196, 32, 93, 195, 204, 64, 85, 72, 131, 236, 32, 72, 139, 234, 72, 131, 196, 32, 93, 233, 175, 249, 255, 255, 204, 64, 85, 72, 131, 236, 48, 72, 139, 234, 72, 139, 1, 139, 16, 72, 137, 76, 36, 40, 137, 84, 36, 32, 76, 141, 13, 104, 242, 255, 255,
    76, 139, 69, 112, 139, 85, 104, 72, 139, 77, 96, 232, 240, 248, 255, 255, 144, 72, 131, 196, 48, 93, 195, 204, 64, 85, 72, 139, 234, 72, 139, 1, 51, 201, 129, 56, 5, 0, 0, 192, 15, 148, 193, 139, 193, 93, 195, 204, 0, 0, 0, 0, 0, 0, 0, 0, 0, 0, 0, 0, 0, 0, 0, 0, 0, 0, 0, 0, 0, 0, 0, 0, 0, 0, 0, 0, 0, 0, 0, 0, 0, 0, 0, 0, 0, 0, 0, 0, 0, 0, 0, 0, 0, 0, 0, 0, 0, 0, 0, 0,
    0, 0, 0, 0, 0, 0, 0, 0, 0, 0, 0, 0, 0, 0, 0, 0, 0, 0, 0, 0, 0, 0, 0, 0, 0, 0, 0, 0, 0, 0, 0, 0, 0, 0, 0, 0, 0, 0, 0, 0, 0, 0, 0, 0, 0, 0, 0, 0, 0, 0, 0, 0, 0, 0, 0, 0, 0, 0, 0, 0, 0, 0, 0, 0, 0, 0, 0, 0, 0, 0, 0, 0, 0, 0, 0, 0, 0, 0, 0, 0, 0, 0, 0, 0, 0, 0, 0, 0, 0, 0, 0, 0, 0, 0, 0, 0, 0, 0, 0, 0,
    0, 0, 0, 0, 0, 0, 0, 0, 0, 0, 0, 0, 0, 0, 0, 0, 0, 0, 0, 0, 0, 0, 0, 0, 0, 0, 0, 0, 0, 0, 0, 0, 0, 0, 0, 0, 0, 0, 0, 0, 0, 0, 0, 0, 0, 0, 0, 0, 0, 0, 0, 0, 0, 0, 0, 0, 0, 0, 0, 0, 0, 0, 0, 0, 0, 0, 0, 0, 0, 0, 0, 0, 0, 0, 0, 0, 0, 0, 0, 0, 0, 0, 0, 0, 0, 0, 0, 0, 0, 0, 0, 0, 0, 0, 0, 0, 0, 0, 0, 0,
    0, 0, 0, 0, 0, 0, 0, 0, 0, 0, 0, 0, 0, 0, 0, 0, 0, 0, 0, 0, 0, 0, 0, 0, 0, 0, 0, 0, 0, 0, 0, 0, 0, 0, 0, 0, 0, 0, 0, 0, 0, 0, 0, 0, 0, 0, 0, 0, 0, 0, 0, 0, 0, 0, 0, 0, 0, 0, 0, 0, 0, 0, 0, 0, 0, 0, 0, 0, 0, 0, 0, 0, 0, 0, 0, 0, 0, 0, 0, 0, 0, 0, 0, 0, 0, 0, 0, 0, 0, 0, 0, 0, 0, 0, 0, 0, 0, 0, 0, 0,
    0, 0, 0, 0, 0, 0, 0, 0, 0, 0, 0, 0, 0, 0, 0, 0, 0, 0, 0, 0, 0, 0, 0, 0, 0, 0, 0, 0, 0, 0, 0, 0, 0, 0, 0, 0, 0, 0, 0, 0, 0, 0, 0, 0, 0, 0, 0, 0, 0, 0, 0, 0, 0, 0, 0, 0, 0, 0, 0, 0, 0, 0, 0, 0, 0, 0, 0, 0, 0, 0, 0, 0, 0, 0, 0, 0, 0, 0, 0, 0, 0, 0, 0, 0, 0, 0, 0, 0, 0, 0, 0, 0, 0, 0, 0, 0, 0, 0, 0, 0,
    0, 0, 0, 0, 0, 0, 0, 0, 0, 0, 0, 0, 0, 0, 0, 0, 0, 0, 0, 0, 212, 43, 0, 0, 0, 0, 0, 0, 252, 42, 0, 0, 0, 0, 0, 0, 226, 42, 0, 0, 0, 0, 0, 0, 206, 42, 0, 0, 0, 0, 0, 0, 44, 43, 0, 0, 0, 0, 0, 0, 74, 43, 0, 0, 0, 0, 0, 0, 94, 43, 0, 0, 0, 0, 0, 0, 114, 43, 0, 0, 0, 0, 0, 0, 4, 44, 0, 0, 0, 0, 0, 0, 238, 43, 0, 0, 0, 0, 0, 0,
    16, 43, 0, 0, 0, 0, 0, 0, 190, 43, 0, 0, 0, 0, 0, 0, 168, 43, 0, 0, 0, 0, 0, 0, 142, 43, 0, 0, 0, 0, 0, 0, 0, 0, 0, 0, 0, 0, 0, 0, 152, 41, 0, 0, 0, 0, 0, 0, 0, 0, 0, 0, 0, 0, 0, 0, 234, 41, 0, 0, 0, 0, 0, 0, 202, 41, 0, 0, 0, 0, 0, 0, 178, 41, 0, 0, 0, 0, 0, 0, 38, 44, 0, 0, 0, 0, 0, 0, 0, 0, 0, 0, 0, 0, 0, 0, 162, 42, 0, 0,
    0, 0, 0, 0, 138, 42, 0, 0, 0, 0, 0, 0, 110, 42, 0, 0, 0, 0, 0, 0, 50, 42, 0, 0, 0, 0, 0, 0, 32, 42, 0, 0, 0, 0, 0, 0, 18, 42, 0, 0, 0, 0, 0, 0, 6, 42, 0, 0, 0, 0, 0, 0, 76, 42, 0, 0, 0, 0, 0, 0, 0, 0, 0, 0, 0, 0, 0, 0, 48, 27, 0, 128, 1, 0, 0, 0, 48, 27, 0, 128, 1, 0, 0, 0, 112, 29, 0, 128, 1, 0, 0, 0, 144, 29, 0, 128, 1, 0, 0, 0,
    144, 29, 0, 128, 1, 0, 0, 0, 0, 0, 0, 0, 0, 0, 0, 0, 75, 29, 0, 128, 1, 0, 0, 0, 0, 0, 0, 0, 0, 0, 0, 0, 0, 0, 0, 0, 0, 0, 0, 0, 0, 0, 0, 0, 0, 0, 0, 0, 0, 0, 0, 0, 0, 0, 0, 0, 0, 0, 0, 0, 0, 0, 0, 0, 0, 0, 0, 0, 0, 0, 0, 0, 0, 0, 0, 0, 0, 0, 0, 0, 0, 0, 0, 0, 0, 0, 0, 0, 0, 0, 0, 0, 0, 0, 0, 0, 80, 48, 0, 128,
    1, 0, 0, 0, 240, 48, 0, 128, 1, 0, 0, 0, 0, 0, 0, 0, 0, 0, 0, 0, 255, 255, 255, 255, 255, 255, 255, 255, 255, 255, 255, 255, 255, 255, 255, 255, 87, 111, 119, 32, 33, 0, 0, 0, 84, 69, 83, 84, 0, 0, 0, 0, 64, 1, 0, 0, 0, 0, 0, 0, 0, 0, 0, 0, 0, 0, 0, 0, 0, 0, 0, 0, 0, 0, 0, 0, 0, 0, 0, 0, 0, 0, 0, 0, 0, 0, 0, 0, 0, 0, 0, 0, 0, 0, 0, 0, 0, 0, 0, 0,
    0, 0, 0, 0, 0, 0, 0, 0, 0, 0, 0, 0, 0, 0, 0, 0, 0, 0, 0, 0, 0, 0, 0, 0, 0, 0, 0, 0, 0, 0, 0, 0, 0, 0, 0, 0, 0, 0, 0, 0, 8, 48, 0, 128, 1, 0, 0, 0, 0, 0, 0, 0, 0, 0, 0, 0, 0, 0, 0, 0, 0, 0, 0, 0, 248, 32, 0, 128, 1, 0, 0, 0, 8, 33, 0, 128, 1, 0, 0, 0, 0, 0, 0, 0, 0, 0, 0, 0, 0, 0, 0, 0, 0, 0, 0, 0, 0, 1, 0, 0,
    0, 0, 0, 0, 0, 0, 0, 0, 0, 0, 0, 0, 0, 0, 0, 0, 0, 0, 0, 0, 0, 0, 0, 0, 0, 0, 0, 0, 0, 0, 0, 0, 0, 0, 0, 0, 0, 0, 0, 0, 0, 0, 0, 0, 0, 0, 0, 0, 0, 0, 0, 0, 0, 0, 0, 0, 0, 0, 0, 0, 0, 0, 0, 0, 0, 0, 0, 0, 0, 0, 0, 0, 0, 0, 0, 0, 0, 0, 0, 0, 0, 0, 0, 0, 0, 0, 0, 0, 0, 0, 0, 0, 0, 0, 0, 0, 0, 0, 0, 0,
    0, 0, 0, 0, 0, 0, 0, 0, 128, 35, 0, 128, 1, 0, 0, 0, 0, 0, 0, 0, 0, 0, 0, 0, 0, 0, 0, 0, 0, 0, 0, 0, 0, 33, 0, 128, 1, 0, 0, 0, 16, 33, 0, 128, 1, 0, 0, 0, 24, 33, 0, 128, 1, 0, 0, 0, 32, 33, 0, 128, 1, 0, 0, 0, 40, 33, 0, 128, 1, 0, 0, 0, 0, 0, 0, 0, 221, 127, 13, 101, 0, 0, 0, 0, 2, 0, 0, 0, 96, 0, 0, 0, 220, 35, 0, 0, 220, 23, 0, 0,
    0, 0, 0, 0, 221, 127, 13, 101, 0, 0, 0, 0, 12, 0, 0, 0, 20, 0, 0, 0, 60, 36, 0, 0, 60, 24, 0, 0, 0, 0, 0, 0, 221, 127, 13, 101, 0, 0, 0, 0, 13, 0, 0, 0, 72, 2, 0, 0, 80, 36, 0, 0, 80, 24, 0, 0, 0, 0, 0, 0, 221, 127, 13, 101, 0, 0, 0, 0, 14, 0, 0, 0, 0, 0, 0, 0, 0, 0, 0, 0, 0, 0, 0, 0, 0, 0, 0, 0, 0, 0, 0, 0, 0, 0, 0, 0, 0, 0, 0, 0,
    0, 0, 0, 0, 0, 0, 0, 0, 0, 0, 0, 0, 0, 0, 0, 0, 24, 0, 0, 0, 2, 128, 2, 128, 152, 35, 0, 0, 44, 0, 0, 0, 196, 35, 0, 0, 24, 0, 0, 0, 31, 20, 0, 0, 155, 20, 0, 0, 176, 20, 0, 0, 61, 22, 0, 0, 83, 22, 0, 0, 35, 25, 0, 0, 22, 26, 0, 0, 72, 26, 0, 0, 103, 28, 0, 0, 108, 28, 0, 0, 182, 28, 0, 0, 96, 16, 0, 0, 160, 12, 0, 0, 68, 29, 0, 0, 7, 0, 0, 0,
    150, 29, 0, 0, 146, 0, 0, 0, 82, 83, 68, 83, 230, 180, 8, 15, 115, 93, 56, 70, 136, 173, 91, 243, 130, 209, 47, 178, 1, 0, 0, 0, 67, 58, 92, 85, 115, 101, 114, 115, 92, 77, 65, 76, 68, 69, 86, 48, 49, 92, 68, 101, 115, 107, 116, 111, 112, 92, 77, 97, 108, 100, 101, 118, 45, 99, 111, 100, 101, 92, 77, 111, 100, 117, 108, 101, 45, 50, 54, 92, 68, 108, 108, 92, 120, 54, 52, 92, 82, 101, 108, 101, 97, 115, 101, 92, 68, 108, 108, 46,
    112, 100, 98, 0, 0, 0, 0, 0, 19, 0, 0, 0, 19, 0, 0, 0, 1, 0, 0, 0, 18, 0, 0, 0, 71, 67, 84, 76, 0, 16, 0, 0, 96, 13, 0, 0, 46, 116, 101, 120, 116, 36, 109, 110, 0, 0, 0, 0, 96, 29, 0, 0, 54, 0, 0, 0, 46, 116, 101, 120, 116, 36, 109, 110, 36, 48, 48, 0, 150, 29, 0, 0, 146, 0, 0, 0, 46, 116, 101, 120, 116, 36, 120, 0, 0, 32, 0, 0, 248, 0, 0, 0, 46, 105, 100, 97, 116, 97, 36, 53,
    0, 0, 0, 0, 248, 32, 0, 0, 56, 0, 0, 0, 46, 48, 48, 99, 102, 103, 0, 0, 48, 33, 0, 0, 8, 0, 0, 0, 46, 67, 82, 84, 36, 88, 67, 65, 0, 0, 0, 0, 56, 33, 0, 0, 8, 0, 0, 0, 46, 67, 82, 84, 36, 88, 67, 90, 0, 0, 0, 0, 64, 33, 0, 0, 8, 0, 0, 0, 46, 67, 82, 84, 36, 88, 73, 65, 0, 0, 0, 0, 72, 33, 0, 0, 8, 0, 0, 0, 46, 67, 82, 84, 36, 88, 73, 90, 0, 0, 0, 0,
    80, 33, 0, 0, 8, 0, 0, 0, 46, 67, 82, 84, 36, 88, 80, 65, 0, 0, 0, 0, 88, 33, 0, 0, 8, 0, 0, 0, 46, 67, 82, 84, 36, 88, 80, 90, 0, 0, 0, 0, 96, 33, 0, 0, 8, 0, 0, 0, 46, 67, 82, 84, 36, 88, 84, 65, 0, 0, 0, 0, 104, 33, 0, 0, 8, 0, 0, 0, 46, 67, 82, 84, 36, 88, 84, 90, 0, 0, 0, 0, 112, 33, 0, 0, 16, 2, 0, 0, 46, 114, 100, 97, 116, 97, 0, 0, 128, 35, 0, 0,
    92, 0, 0, 0, 46, 114, 100, 97, 116, 97, 36, 118, 111, 108, 116, 109, 100, 0, 0, 0, 220, 35, 0, 0, 188, 2, 0, 0, 46, 114, 100, 97, 116, 97, 36, 122, 122, 122, 100, 98, 103, 0, 0, 0, 152, 38, 0, 0, 8, 0, 0, 0, 46, 114, 116, 99, 36, 73, 65, 65, 0, 0, 0, 0, 160, 38, 0, 0, 8, 0, 0, 0, 46, 114, 116, 99, 36, 73, 90, 90, 0, 0, 0, 0, 168, 38, 0, 0, 8, 0, 0, 0, 46, 114, 116, 99, 36, 84, 65, 65,
    0, 0, 0, 0, 176, 38, 0, 0, 8, 0, 0, 0, 46, 114, 116, 99, 36, 84, 90, 90, 0, 0, 0, 0, 184, 38, 0, 0, 132, 1, 0, 0, 46, 120, 100, 97, 116, 97, 0, 0, 60, 40, 0, 0, 80, 0, 0, 0, 46, 105, 100, 97, 116, 97, 36, 50, 0, 0, 0, 0, 140, 40, 0, 0, 20, 0, 0, 0, 46, 105, 100, 97, 116, 97, 36, 51, 0, 0, 0, 0, 160, 40, 0, 0, 248, 0, 0, 0, 46, 105, 100, 97, 116, 97, 36, 52, 0, 0, 0, 0,
    152, 41, 0, 0, 152, 2, 0, 0, 46, 105, 100, 97, 116, 97, 36, 54, 0, 0, 0, 0, 0, 48, 0, 0, 64, 0, 0, 0, 46, 100, 97, 116, 97, 0, 0, 0, 64, 48, 0, 0, 248, 5, 0, 0, 46, 98, 115, 115, 0, 0, 0, 0, 0, 64, 0, 0, 176, 1, 0, 0, 46, 112, 100, 97, 116, 97, 0, 0, 0, 80, 0, 0, 96, 0, 0, 0, 46, 114, 115, 114, 99, 36, 48, 49, 0, 0, 0, 0, 96, 80, 0, 0, 152, 0, 0, 0, 46, 114, 115, 114,
    99, 36, 48, 50, 0, 0, 0, 0, 0, 0, 0, 0, 0, 0, 0, 0, 0, 0, 0, 0, 0, 0, 0, 0, 0, 0, 0, 0, 0, 0, 0, 0, 0, 0, 0, 0, 0, 0, 0, 0, 1, 4, 1, 0, 4, 66, 0, 0, 1, 0, 0, 0, 17, 21, 8, 0, 21, 116, 9, 0, 21, 100, 7, 0, 21, 52, 6, 0, 21, 50, 17, 224, 0, 29, 0, 0, 2, 0, 0, 0, 232, 16, 0, 0, 87, 17, 0, 0, 150, 29, 0, 0, 0, 0, 0, 0, 186, 17, 0, 0,
    197, 17, 0, 0, 150, 29, 0, 0, 0, 0, 0, 0, 1, 6, 2, 0, 6, 50, 2, 80, 17, 10, 4, 0, 10, 52, 8, 0, 10, 82, 6, 112, 0, 29, 0, 0, 4, 0, 0, 0, 255, 17, 0, 0, 30, 18, 0, 0, 173, 29, 0, 0, 0, 0, 0, 0, 244, 17, 0, 0, 54, 18, 0, 0, 198, 29, 0, 0, 0, 0, 0, 0, 63, 18, 0, 0, 74, 18, 0, 0, 173, 29, 0, 0, 0, 0, 0, 0, 63, 18, 0, 0, 75, 18, 0, 0, 198, 29, 0, 0,
    0, 0, 0, 0, 9, 26, 6, 0, 26, 52, 15, 0, 26, 114, 22, 224, 20, 112, 19, 96, 0, 29, 0, 0, 1, 0, 0, 0, 129, 18, 0, 0, 103, 19, 0, 0, 218, 29, 0, 0, 103, 19, 0, 0, 1, 6, 2, 0, 6, 82, 2, 80, 1, 15, 6, 0, 15, 100, 7, 0, 15, 52, 6, 0, 15, 50, 11, 112, 1, 9, 1, 0, 9, 98, 0, 0, 1, 8, 4, 0, 8, 114, 4, 112, 3, 96, 2, 48, 1, 6, 2, 0, 6, 50, 2, 48, 1, 13, 4, 0,
    13, 52, 10, 0, 13, 82, 6, 80, 9, 4, 1, 0, 4, 34, 0, 0, 0, 29, 0, 0, 1, 0, 0, 0, 123, 24, 0, 0, 5, 25, 0, 0, 16, 30, 0, 0, 5, 25, 0, 0, 1, 2, 1, 0, 2, 80, 0, 0, 1, 20, 8, 0, 20, 100, 8, 0, 20, 84, 7, 0, 20, 52, 6, 0, 20, 50, 16, 112, 1, 21, 5, 0, 21, 52, 186, 0, 21, 1, 184, 0, 6, 80, 0, 0, 1, 10, 4, 0, 10, 52, 6, 0, 10, 50, 6, 112, 1, 15, 6, 0,
    15, 100, 6, 0, 15, 52, 5, 0, 15, 18, 11, 112, 0, 0, 0, 0, 1, 0, 0, 0, 0, 0, 0, 0, 1, 0, 0, 0, 24, 41, 0, 0, 0, 0, 0, 0, 0, 0, 0, 0, 166, 41, 0, 0, 120, 32, 0, 0, 40, 41, 0, 0, 0, 0, 0, 0, 0, 0, 0, 0, 244, 41, 0, 0, 136, 32, 0, 0, 80, 41, 0, 0, 0, 0, 0, 0, 0, 0, 0, 0, 172, 42, 0, 0, 176, 32, 0, 0, 160, 40, 0, 0, 0, 0, 0, 0, 0, 0, 0, 0,
    24, 44, 0, 0, 0, 32, 0, 0, 0, 0, 0, 0, 0, 0, 0, 0, 0, 0, 0, 0, 0, 0, 0, 0, 0, 0, 0, 0, 212, 43, 0, 0, 0, 0, 0, 0, 252, 42, 0, 0, 0, 0, 0, 0, 226, 42, 0, 0, 0, 0, 0, 0, 206, 42, 0, 0, 0, 0, 0, 0, 44, 43, 0, 0, 0, 0, 0, 0, 74, 43, 0, 0, 0, 0, 0, 0, 94, 43, 0, 0, 0, 0, 0, 0, 114, 43, 0, 0, 0, 0, 0, 0, 4, 44, 0, 0, 0, 0, 0, 0,
    238, 43, 0, 0, 0, 0, 0, 0, 16, 43, 0, 0, 0, 0, 0, 0, 190, 43, 0, 0, 0, 0, 0, 0, 168, 43, 0, 0, 0, 0, 0, 0, 142, 43, 0, 0, 0, 0, 0, 0, 0, 0, 0, 0, 0, 0, 0, 0, 152, 41, 0, 0, 0, 0, 0, 0, 0, 0, 0, 0, 0, 0, 0, 0, 234, 41, 0, 0, 0, 0, 0, 0, 202, 41, 0, 0, 0, 0, 0, 0, 178, 41, 0, 0, 0, 0, 0, 0, 38, 44, 0, 0, 0, 0, 0, 0, 0, 0, 0, 0,
    0, 0, 0, 0, 162, 42, 0, 0, 0, 0, 0, 0, 138, 42, 0, 0, 0, 0, 0, 0, 110, 42, 0, 0, 0, 0, 0, 0, 50, 42, 0, 0, 0, 0, 0, 0, 32, 42, 0, 0, 0, 0, 0, 0, 18, 42, 0, 0, 0, 0, 0, 0, 6, 42, 0, 0, 0, 0, 0, 0, 76, 42, 0, 0, 0, 0, 0, 0, 0, 0, 0, 0, 0, 0, 0, 0, 131, 2, 77, 101, 115, 115, 97, 103, 101, 66, 111, 120, 65, 0, 85, 83, 69, 82, 51, 50, 46, 100, 108, 108,
    0, 0, 8, 0, 95, 95, 67, 95, 115, 112, 101, 99, 105, 102, 105, 99, 95, 104, 97, 110, 100, 108, 101, 114, 0, 0, 37, 0, 95, 95, 115, 116, 100, 95, 116, 121, 112, 101, 95, 105, 110, 102, 111, 95, 100, 101, 115, 116, 114, 111, 121, 95, 108, 105, 115, 116, 0, 0, 62, 0, 109, 101, 109, 115, 101, 116, 0, 0, 86, 67, 82, 85, 78, 84, 73, 77, 69, 49, 52, 48, 46, 100, 108, 108, 0, 0, 54, 0, 95, 105, 110, 105, 116, 116, 101, 114, 109, 0, 55, 0,
    95, 105, 110, 105, 116, 116, 101, 114, 109, 95, 101, 0, 63, 0, 95, 115, 101, 104, 95, 102, 105, 108, 116, 101, 114, 95, 100, 108, 108, 0, 24, 0, 95, 99, 111, 110, 102, 105, 103, 117, 114, 101, 95, 110, 97, 114, 114, 111, 119, 95, 97, 114, 103, 118, 0, 0, 51, 0, 95, 105, 110, 105, 116, 105, 97, 108, 105, 122, 101, 95, 110, 97, 114, 114, 111, 119, 95, 101, 110, 118, 105, 114, 111, 110, 109, 101, 110, 116, 0, 0, 52, 0, 95, 105, 110, 105, 116, 105, 97, 108,
    105, 122, 101, 95, 111, 110, 101, 120, 105, 116, 95, 116, 97, 98, 108, 101, 0, 0, 34, 0, 95, 101, 120, 101, 99, 117, 116, 101, 95, 111, 110, 101, 120, 105, 116, 95, 116, 97, 98, 108, 101, 0, 22, 0, 95, 99, 101, 120, 105, 116, 0, 0, 97, 112, 105, 45, 109, 115, 45, 119, 105, 110, 45, 99, 114, 116, 45, 114, 117, 110, 116, 105, 109, 101, 45, 108, 49, 45, 49, 45, 48, 46, 100, 108, 108, 0, 233, 4, 82, 116, 108, 67, 97, 112, 116, 117, 114, 101, 67, 111,
    110, 116, 101, 120, 116, 0, 241, 4, 82, 116, 108, 76, 111, 111, 107, 117, 112, 70, 117, 110, 99, 116, 105, 111, 110, 69, 110, 116, 114, 121, 0, 0, 248, 4, 82, 116, 108, 86, 105, 114, 116, 117, 97, 108, 85, 110, 119, 105, 110, 100, 0, 0, 216, 5, 85, 110, 104, 97, 110, 100, 108, 101, 100, 69, 120, 99, 101, 112, 116, 105, 111, 110, 70, 105, 108, 116, 101, 114, 0, 0, 151, 5, 83, 101, 116, 85, 110, 104, 97, 110, 100, 108, 101, 100, 69, 120, 99, 101, 112, 116,
    105, 111, 110, 70, 105, 108, 116, 101, 114, 0, 42, 2, 71, 101, 116, 67, 117, 114, 114, 101, 110, 116, 80, 114, 111, 99, 101, 115, 115, 0, 182, 5, 84, 101, 114, 109, 105, 110, 97, 116, 101, 80, 114, 111, 99, 101, 115, 115, 0, 0, 158, 3, 73, 115, 80, 114, 111, 99, 101, 115, 115, 111, 114, 70, 101, 97, 116, 117, 114, 101, 80, 114, 101, 115, 101, 110, 116, 0, 100, 4, 81, 117, 101, 114, 121, 80, 101, 114, 102, 111, 114, 109, 97, 110, 99, 101, 67, 111, 117, 110,
    116, 101, 114, 0, 43, 2, 71, 101, 116, 67, 117, 114, 114, 101, 110, 116, 80, 114, 111, 99, 101, 115, 115, 73, 100, 0, 47, 2, 71, 101, 116, 67, 117, 114, 114, 101, 110, 116, 84, 104, 114, 101, 97, 100, 73, 100, 0, 0, 1, 3, 71, 101, 116, 83, 121, 115, 116, 101, 109, 84, 105, 109, 101, 65, 115, 70, 105, 108, 101, 84, 105, 109, 101, 0, 129, 3, 73, 110, 105, 116, 105, 97, 108, 105, 122, 101, 83, 76, 105, 115, 116, 72, 101, 97, 100, 0, 151, 3, 73, 115,
    68, 101, 98, 117, 103, 103, 101, 114, 80, 114, 101, 115, 101, 110, 116, 0, 75, 69, 82, 78, 69, 76, 51, 50, 46, 100, 108, 108, 0, 0, 60, 0, 109, 101, 109, 99, 112, 121, 0, 0, 0, 0, 0, 0, 0, 0, 0, 0, 0, 0, 0, 0, 0, 0, 0, 0, 0, 0, 0, 0, 0, 0, 0, 0, 0, 0, 0, 0, 0, 0, 0, 0, 0, 0, 0, 0, 0, 0, 0, 0, 0, 0, 0, 0, 0, 0, 0, 0, 0, 0, 0, 0, 0, 0, 0, 0, 0, 0, 0, 0,
    0, 0, 0, 0, 0, 0, 0, 0, 0, 0, 0, 0, 0, 0, 0, 0, 0, 0, 0, 0, 0, 0, 0, 0, 0, 0, 0, 0, 0, 0, 0, 0, 0, 0, 0, 0, 0, 0, 0, 0, 0, 0, 0, 0, 0, 0, 0, 0, 0, 0, 0, 0, 0, 0, 0, 0, 0, 0, 0, 0, 0, 0, 0, 0, 0, 0, 0, 0, 0, 0, 0, 0, 0, 0, 0, 0, 0, 0, 0, 0, 0, 0, 0, 0, 0, 0, 0, 0, 0, 0, 0, 0, 0, 0, 0, 0, 0, 0, 0, 0,
    0, 0, 0, 0, 0, 0, 0, 0, 0, 0, 0, 0, 0, 0, 0, 0, 0, 0, 0, 0, 0, 0, 0, 0, 0, 0, 0, 0, 0, 0, 0, 0, 0, 0, 0, 0, 0, 0, 0, 0, 0, 0, 0, 0, 0, 0, 0, 0, 0, 0, 0, 0, 0, 0, 0, 0, 0, 0, 0, 0, 0, 0, 0, 0, 0, 0, 0, 0, 0, 0, 0, 0, 0, 0, 0, 0, 0, 0, 0, 0, 0, 0, 0, 0, 0, 0, 0, 0, 0, 0, 0, 0, 0, 0, 0, 0, 0, 0, 0, 0,
    0, 0, 0, 0, 0, 0, 0, 0, 0, 0, 0, 0, 0, 0, 0, 0, 0, 0, 0, 0, 0, 0, 0, 0, 0, 0, 0, 0, 0, 0, 0, 0, 0, 0, 0, 0, 0, 0, 0, 0, 0, 0, 0, 0, 0, 0, 0, 0, 0, 0, 0, 0, 0, 0, 0, 0, 0, 0, 0, 0, 0, 0, 0, 0, 0, 0, 0, 0, 0, 0, 0, 0, 0, 0, 0, 0, 0, 0, 0, 0, 0, 0, 0, 0, 0, 0, 0, 0, 0, 0, 0, 0, 0, 0, 0, 0, 0, 0, 0, 0,
    0, 0, 0, 0, 0, 0, 0, 0, 0, 0, 0, 0, 0, 0, 0, 0, 0, 0, 0, 0, 0, 0, 0, 0, 0, 0, 0, 0, 0, 0, 0, 0, 0, 0, 0, 0, 0, 0, 0, 0, 0, 0, 0, 0, 0, 0, 0, 0, 0, 0, 0, 0, 0, 0, 0, 0, 0, 0, 0, 0, 0, 0, 0, 0, 0, 0, 0, 0, 0, 0, 0, 0, 0, 0, 0, 0, 0, 0, 0, 0, 0, 0, 0, 0, 0, 0, 0, 0, 0, 0, 0, 0, 0, 0, 0, 0, 0, 0, 0, 0,
    0, 0, 0, 0, 205, 93, 32, 210, 102, 212, 255, 255, 50, 162, 223, 45, 153, 43, 0, 0, 255, 255, 255, 255, 0, 0, 0, 0, 1, 0, 0, 0, 2, 0, 0, 0, 0, 0, 8, 0, 0, 0, 0, 0, 0, 0, 0, 2, 0, 0, 0, 0, 1, 0, 0, 0, 0, 0, 0, 0, 0, 0, 0, 0, 0, 0, 0, 0, 0, 0, 0, 0, 0, 0, 0, 0, 0, 0, 0, 0, 0, 0, 0, 0, 0, 0, 0, 0, 0, 0, 0, 0, 0, 0, 0, 0, 0, 0, 0, 0,
    0, 0, 0, 0, 0, 0, 0, 0, 0, 0, 0, 0, 0, 0, 0, 0, 0, 0, 0, 0, 0, 0, 0, 0, 0, 0, 0, 0, 0, 0, 0, 0, 0, 0, 0, 0, 0, 0, 0, 0, 0, 0, 0, 0, 0, 0, 0, 0, 0, 0, 0, 0, 0, 0, 0, 0, 0, 0, 0, 0, 0, 0, 0, 0, 0, 0, 0, 0, 0, 0, 0, 0, 0, 0, 0, 0, 0, 0, 0, 0, 0, 0, 0, 0, 0, 0, 0, 0, 0, 0, 0, 0, 0, 0, 0, 0, 0, 0, 0, 0,
    0, 0, 0, 0, 0, 0, 0, 0, 0, 0, 0, 0, 0, 0, 0, 0, 0, 0, 0, 0, 0, 0, 0, 0, 0, 0, 0, 0, 0, 0, 0, 0, 0, 0, 0, 0, 0, 0, 0, 0, 0, 0, 0, 0, 0, 0, 0, 0, 0, 0, 0, 0, 0, 0, 0, 0, 0, 0, 0, 0, 0, 0, 0, 0, 0, 0, 0, 0, 0, 0, 0, 0, 0, 0, 0, 0, 0, 0, 0, 0, 0, 0, 0, 0, 0, 0, 0, 0, 0, 0, 0, 0, 0, 0, 0, 0, 0, 0, 0, 0,
    0, 0, 0, 0, 0, 0, 0, 0, 0, 0, 0, 0, 0, 0, 0, 0, 0, 0, 0, 0, 0, 0, 0, 0, 0, 0, 0, 0, 0, 0, 0, 0, 0, 0, 0, 0, 0, 0, 0, 0, 0, 0, 0, 0, 0, 0, 0, 0, 0, 0, 0, 0, 0, 0, 0, 0, 0, 0, 0, 0, 0, 0, 0, 0, 0, 0, 0, 0, 0, 0, 0, 0, 0, 0, 0, 0, 0, 0, 0, 0, 0, 0, 0, 0, 0, 0, 0, 0, 0, 0, 0, 0, 0, 0, 0, 0, 0, 0, 0, 0,
    0, 0, 0, 0, 0, 0, 0, 0, 0, 0, 0, 0, 0, 0, 0, 0, 0, 0, 0, 0, 0, 0, 0, 0, 0, 0, 0, 0, 0, 0, 0, 0, 0, 0, 0, 0, 0, 0, 0, 0, 0, 0, 0, 0, 0, 0, 0, 0, 0, 0, 0, 0, 0, 0, 0, 0, 0, 0, 0, 0, 0, 0, 0, 0, 0, 0, 0, 0, 0, 0, 0, 0, 0, 0, 0, 0, 0, 0, 0, 0, 0, 0, 0, 0, 0, 0, 0, 0, 0, 0, 0, 0, 0, 0, 0, 0, 0, 0, 0, 0,
    0, 0, 0, 0, 0, 0, 0, 0, 0, 0, 0, 0, 0, 0, 0, 0, 0, 16, 0, 0, 45, 16, 0, 0, 184, 38, 0, 0, 64, 16, 0, 0, 94, 16, 0, 0, 192, 38, 0, 0, 96, 16, 0, 0, 176, 16, 0, 0, 184, 38, 0, 0, 176, 16, 0, 0, 198, 17, 0, 0, 196, 38, 0, 0, 200, 17, 0, 0, 76, 18, 0, 0, 8, 39, 0, 0, 76, 18, 0, 0, 125, 19, 0, 0, 92, 39, 0, 0, 128, 19, 0, 0, 189, 19, 0, 0, 140, 39, 0, 0,
    192, 19, 0, 0, 244, 19, 0, 0, 176, 39, 0, 0, 244, 19, 0, 0, 198, 20, 0, 0, 156, 39, 0, 0, 200, 20, 0, 0, 57, 21, 0, 0, 164, 39, 0, 0, 60, 21, 0, 0, 232, 21, 0, 0, 184, 39, 0, 0, 20, 22, 0, 0, 47, 22, 0, 0, 184, 38, 0, 0, 48, 22, 0, 0, 105, 22, 0, 0, 184, 38, 0, 0, 108, 22, 0, 0, 160, 22, 0, 0, 184, 38, 0, 0, 160, 22, 0, 0, 181, 22, 0, 0, 184, 38, 0, 0, 184, 22, 0, 0,
    224, 22, 0, 0, 184, 38, 0, 0, 224, 22, 0, 0, 245, 22, 0, 0, 184, 38, 0, 0, 248, 22, 0, 0, 88, 23, 0, 0, 236, 39, 0, 0, 88, 23, 0, 0, 136, 23, 0, 0, 184, 38, 0, 0, 136, 23, 0, 0, 156, 23, 0, 0, 184, 38, 0, 0, 156, 23, 0, 0, 229, 23, 0, 0, 176, 39, 0, 0, 232, 23, 0, 0, 115, 24, 0, 0, 176, 39, 0, 0, 116, 24, 0, 0, 12, 25, 0, 0, 196, 39, 0, 0, 12, 25, 0, 0, 48, 25, 0, 0,
    176, 39, 0, 0, 48, 25, 0, 0, 89, 25, 0, 0, 176, 39, 0, 0, 108, 25, 0, 0, 183, 26, 0, 0, 0, 40, 0, 0, 184, 26, 0, 0, 244, 26, 0, 0, 16, 40, 0, 0, 244, 26, 0, 0, 48, 27, 0, 0, 16, 40, 0, 0, 52, 27, 0, 0, 224, 28, 0, 0, 28, 40, 0, 0, 112, 29, 0, 0, 114, 29, 0, 0, 48, 40, 0, 0, 144, 29, 0, 0, 150, 29, 0, 0, 56, 40, 0, 0, 150, 29, 0, 0, 173, 29, 0, 0, 0, 39, 0, 0,
    173, 29, 0, 0, 198, 29, 0, 0, 0, 39, 0, 0, 198, 29, 0, 0, 218, 29, 0, 0, 0, 39, 0, 0, 218, 29, 0, 0, 16, 30, 0, 0, 132, 39, 0, 0, 16, 30, 0, 0, 40, 30, 0, 0, 228, 39, 0, 0, 0, 0, 0, 0, 0, 0, 0, 0, 0, 0, 0, 0, 0, 0, 0, 0, 0, 0, 0, 0, 0, 0, 0, 0, 0, 0, 0, 0, 0, 0, 0, 0, 0, 0, 0, 0, 0, 0, 0, 0, 0, 0, 0, 0, 0, 0, 0, 0, 0, 0, 0, 0,
    0, 0, 0, 0, 0, 0, 0, 0, 0, 0, 0, 0, 0, 0, 0, 0, 0, 0, 0, 0, 0, 0, 0, 0, 0, 0, 0, 0, 0, 0, 0, 0, 0, 0, 0, 0, 0, 0, 0, 0, 0, 0, 1, 0, 24, 0, 0, 0, 24, 0, 0, 128, 0, 0, 0, 0, 0, 0, 0, 0, 0, 0, 0, 0, 0, 0, 1, 0, 2, 0, 0, 0, 48, 0, 0, 128, 0, 0, 0, 0, 0, 0, 0, 0, 0, 0, 0, 0, 0, 0, 1, 0, 9, 4, 0, 0, 72, 0, 0, 0,
    96, 80, 0, 0, 145, 0, 0, 0, 0, 0, 0, 0, 0, 0, 0, 0, 0, 0, 0, 0, 0, 0, 0, 0, 60, 63, 120, 109, 108, 32, 118, 101, 114, 115, 105, 111, 110, 61, 39, 49, 46, 48, 39, 32, 101, 110, 99, 111, 100, 105, 110, 103, 61, 39, 85, 84, 70, 45, 56, 39, 32, 115, 116, 97, 110, 100, 97, 108, 111, 110, 101, 61, 39, 121, 101, 115, 39, 63, 62, 13, 10, 60, 97, 115, 115, 101, 109, 98, 108, 121, 32, 120, 109, 108, 110, 115, 61, 39, 117, 114,
    110, 58, 115, 99, 104, 101, 109, 97, 115, 45, 109, 105, 99, 114, 111, 115, 111, 102, 116, 45, 99, 111, 109, 58, 97, 115, 109, 46, 118, 49, 39, 32, 109, 97, 110, 105, 102, 101, 115, 116, 86, 101, 114, 115, 105, 111, 110, 61, 39, 49, 46, 48, 39, 62, 13, 10, 60, 47, 97, 115, 115, 101, 109, 98, 108, 121, 62, 13, 10, 0, 0, 0, 0, 0, 0, 0, 0, 0, 0, 0, 0, 0, 0, 0, 0, 0, 0, 0, 0, 0, 0, 0, 0, 0, 0, 0, 0, 0, 0, 0,
    0, 0, 0, 0, 0, 0, 0, 0, 0, 0, 0, 0, 0, 0, 0, 0, 0, 0, 0, 0, 0, 0, 0, 0, 0, 0, 0, 0, 0, 0, 0, 0, 0, 0, 0, 0, 0, 0, 0, 0, 0, 0, 0, 0, 0, 0, 0, 0, 0, 0, 0, 0, 0, 0, 0, 0, 0, 0, 0, 0, 0, 0, 0, 0, 0, 0, 0, 0, 0, 0, 0, 0, 0, 0, 0, 0, 0, 0, 0, 0, 0, 0, 0, 0, 0, 0, 0, 0, 0, 0, 0, 0, 0, 0, 0, 0, 0, 0, 0, 0,
    0, 0, 0, 0, 0, 0, 0, 0, 0, 0, 0, 0, 0, 0, 0, 0, 0, 0, 0, 0, 0, 0, 0, 0, 0, 0, 0, 0, 0, 0, 0, 0, 0, 0, 0, 0, 0, 0, 0, 0, 0, 0, 0, 0, 0, 0, 0, 0, 0, 0, 0, 0, 0, 0, 0, 0, 0, 0, 0, 0, 0, 0, 0, 0, 0, 0, 0, 0, 0, 0, 0, 0, 0, 0, 0, 0, 0, 0, 0, 0, 0, 0, 0, 0, 0, 0, 0, 0, 0, 0, 0, 0, 0, 0, 0, 0, 0, 0, 0, 0,
    0, 0, 0, 0, 0, 0, 0, 0, 0, 0, 0, 0, 0, 0, 0, 0, 0, 0, 0, 0, 0, 0, 0, 0, 0, 0, 0, 0, 0, 0, 0, 0, 0, 0, 0, 0, 0, 0, 0, 0, 0, 32, 0, 0, 44, 0, 0, 0, 248, 160, 0, 161, 8, 161, 16, 161, 24, 161, 40, 161, 120, 161, 128, 161, 8, 162, 32, 162, 40, 162, 176, 162, 200, 162, 208, 162, 216, 162, 224, 162, 232, 162, 0, 0, 0, 0, 0, 0, 0, 0, 0, 0, 0, 0, 0, 0, 0, 0, 0, 0,
    0, 0, 0, 0, 0, 0, 0, 0, 0, 0, 0, 0, 0, 0, 0, 0, 0, 0, 0, 0, 0, 0, 0, 0, 0, 0, 0, 0, 0, 0, 0, 0, 0, 0, 0, 0, 0, 0, 0, 0, 0, 0, 0, 0, 0, 0, 0, 0, 0, 0, 0, 0, 0, 0, 0, 0, 0, 0, 0, 0, 0, 0, 0, 0, 0, 0, 0, 0, 0, 0, 0, 0, 0, 0, 0, 0, 0, 0, 0, 0, 0, 0, 0, 0, 0, 0, 0, 0, 0, 0, 0, 0, 0, 0, 0, 0, 0, 0, 0, 0,
    0, 0, 0, 0, 0, 0, 0, 0, 0, 0, 0, 0, 0, 0, 0, 0, 0, 0, 0, 0, 0, 0, 0, 0, 0, 0, 0, 0, 0, 0, 0, 0, 0, 0, 0, 0, 0, 0, 0, 0, 0, 0, 0, 0, 0, 0, 0, 0, 0, 0, 0, 0, 0, 0, 0, 0, 0, 0, 0, 0, 0, 0, 0, 0, 0, 0, 0, 0, 0, 0, 0, 0, 0, 0, 0, 0, 0, 0, 0, 0, 0, 0, 0, 0, 0, 0, 0, 0, 0, 0, 0, 0, 0, 0, 0, 0, 0, 0, 0, 0,
    0, 0, 0, 0, 0, 0, 0, 0, 0, 0, 0, 0, 0, 0, 0, 0, 0, 0, 0, 0, 0, 0, 0, 0, 0, 0, 0, 0, 0, 0, 0, 0, 0, 0, 0, 0, 0, 0, 0, 0, 0, 0, 0, 0, 0, 0, 0, 0, 0, 0, 0, 0, 0, 0, 0, 0, 0, 0, 0, 0, 0, 0, 0, 0, 0, 0, 0, 0, 0, 0, 0, 0, 0, 0, 0, 0, 0, 0, 0, 0, 0, 0, 0, 0, 0, 0, 0, 0, 0, 0, 0, 0, 0, 0, 0, 0, 0, 0, 0, 0,
    0, 0, 0, 0, 0, 0, 0, 0, 0, 0, 0, 0, 0, 0, 0, 0, 0, 0, 0, 0, 0, 0, 0, 0, 0, 0, 0, 0, 0, 0, 0, 0, 0, 0, 0, 0, 0, 0, 0, 0, 0, 0, 0, 0, 0, 0, 0, 0, 0, 0, 0, 0, 0, 0, 0, 0, 0, 0, 0, 0, 0, 0, 0, 0, 0, 0, 0, 0, 0, 0, 0, 0, 0, 0, 0, 0, 0, 0, 0, 0, 0, 0, 0, 0, 0, 0, 0, 0, 0, 0, 0, 0, 0, 0, 0, 0, 0, 0, 0, 0,
    0, 0, 0, 0, 0, 0, 0, 0, 0, 0, 0, 0, 0, 0, 0, 0, 0, 0, 0, 0, 0, 0, 0, 0, 0, 0, 0, 0, 0, 0, 0, 0, 0, 0, 0, 0, 0, 0, 0, 0, 0, 0, 0, 0, 0, 0, 0, 0, 0, 0, 0, 0
